Case #1: 3 
Case #2: 1 
Case #3: Impossible
Case #4: 2 1 
Case #5: 8 1 
Case #6: Impossible
Case #7: Impossible
Case #8: 3 
Case #9: Impossible
Case #10: 22 
Case #11: 3 
Case #12: 1 
Case #13: 229 
Case #14: Impossible
Case #15: Impossible
Case #16: 4 3 2 1 
Case #17: Impossible
Case #18: 4025603245584 407 
Case #19: 10211634349031 4822160664821 
Case #20: 1 
Case #21: 818717588884156 545508159890556 272298730896956 1 
Case #22: 9093264011420 8183751995581 7274239979742 6364727963903 5455215948064 4545703932225 3636191916386 2726679900547 1817167884708 907655868869 1 
Case #23: Impossible
Case #24: Impossible
Case #25: Impossible
Case #26: 100 99 98 97 96 95 94 93 92 91 90 89 88 87 86 85 84 83 82 81 80 79 78 77 76 75 74 73 72 71 70 69 68 67 66 65 64 63 62 61 60 59 58 57 56 55 54 53 52 51 50 49 48 47 46 45 44 43 42 41 40 39 38 37 36 35 34 33 32 31 30 29 28 27 26 25 24 23 22 21 20 19 18 17 16 15 14 13 12 11 10 9 8 7 6 5 4 3 2 1 
Case #27: 1318 919 520 12 
Case #28: 229 
Case #29: Impossible
Case #30: 303960336007 281441323309 258922310611 236403297913 213884285215 191365272517 168846259819 146327247121 123808234423 101289221725 78770209027 56251196329 33732183631 1667635 
Case #31: 22 
Case #32: 1 
Case #33: 1 
Case #34: 646913743210 604718731246 562523719282 520328707318 478133695354 435938683390 393743671426 351548659462 309353647498 267158635534 224963623570 182768611606 140573599642 98378587678 56183575714 17392 
Case #35: Impossible
Case #36: 3936080465205477 3578208755596197 3220337045986917 2862465336377637 2504593626768357 2146721917159077 1788850207549797 1430978497940517 1073106788331237 715235078721957 357363369112677 1 
Case #37: 582993316600872 276921825385415 
Case #38: 1677452777439513 1507556919211665 1337661060983817 1167765202755969 997869344528121 827973486300273 658077628072425 488181769844577 318285911616729 148390053388881 
Case #39: 1 
Case #40: 41 40 39 38 37 36 35 34 33 32 31 30 29 28 27 26 25 24 23 22 21 20 19 18 17 16 15 14 13 12 11 10 9 8 7 6 5 4 3 2 1 
Case #41: 1 
Case #42: 1 
Case #43: 3 
Case #44: 58 1 
Case #45: 9999 9797 9595 9393 9191 8989 8787 8585 8383 8181 7979 7777 7575 7373 7171 6969 6767 6565 6363 6161 5959 5757 5555 5353 5151 4949 4747 4545 4343 4141 3939 3737 3535 3333 3131 2929 2727 2525 2323 2121 1919 1717 1515 1313 1111 909 707 505 303 101 
Case #46: 549985076071425786 398644592349457465 247304108627489144 1392371336829 
Case #47: 2931 
Case #48: 303205222818727031 248058770255797181 192912317692867331 137765865129937481 82619412567007631 2793530041 
Case #49: Impossible
Case #50: 15 5 
Case #51: 9876543211 
Case #52: Impossible
Case #53: Impossible
Case #54: 22 
Case #55: 104789756 48028639 
Case #56: 157408 148495 139582 130669 121756 112843 103930 95017 86104 77191 68278 59365 50452 41539 32626 23713 14800 5887 
Case #57: 3 
Case #58: 3 2 1 
Case #59: Impossible
Case #60: Impossible
Case #61: 300771807240919 
Case #62: 2558317 2295753 2033189 1770625 1508061 1245497 982933 720369 457805 195241 
Case #63: 999897969595 939291908989 878685848383 818079787777 757473727171 696867666565 636261605959 575655545353 515049484747 454443424141 393837363535 333231302929 272625242323 212019181717 151413121111 90807060505 3020101 
Case #64: Impossible
Case #65: 1 
Case #66: 3 
Case #67: 999897969594939292 908988878685848383 818079787776757474 727170696867666565 636261605958575656 545352515049484747 454443424140393838 363534333231302929 272625242322212020 181716151413121111 90807060504030202 1 
Case #68: Impossible
Case #69: 30830784091 27466313605 24101843119 20737372633 17372902147 14008431661 10643961175 7279490689 3915020203 57 
Case #70: 98766 43211 
Case #71: 229 
Case #72: 381367045 
Case #73: 229 
Case #74: 1 
Case #75: 368715 214010 352 
Case #76: 3 
Case #77: 34787966611700 31922678664031 29057390716362 26192102768693 23326814821024 20461526873355 17596238925686 14730950978017 11865663030348 9000375082679 6135087135010 3269799187341 87 
Case #78: Impossible
Case #79: 2182 1633 1084 535 1 
Case #80: 19292300 4247 
Case #81: 1 
Case #82: 3 
Case #83: 78300193350 62627360531 46954527712 31281694893 15608862074 1 
Case #84: Impossible
Case #85: Impossible
Case #86: 344887241 310384716 275882191 241379666 206877141 172374616 137872091 103369566 68867041 34364516 1 
Case #87: Impossible
Case #88: Impossible
Case #89: 9 8 7 6 5 4 3 2 1 
Case #90: 1155 1085 1015 945 875 805 735 665 595 525 455 385 315 245 175 105 35 
Case #91: Impossible
Case #92: 22 
Case #93: 99989797 95949393 91908989 87868585 83828181 79787777 75747373 71706969 67666565 63626161 59585757 55545353 51504949 47464545 43424141 39383737 35343333 31302929 27262525 23222121 19181717 15141313 11100909 7060505 3020101 
Case #94: 8 1 
Case #95: 999898 969595 939292 908989 878686 848383 818080 787777 757474 727171 696868 666565 636262 605959 575656 545353 515050 484747 454444 424141 393838 363535 333232 302929 272626 242323 212020 181717 151414 121111 90808 60505 30202 1 
Case #96: 262078 249595 237112 224629 212146 199663 187180 174697 162214 149731 137248 124765 112282 99799 87316 74833 62350 49867 37384 24901 12418 1 
Case #97: Impossible
Case #98: 1 
Case #99: Impossible
Case #100: 22 
