100
2 3 2
1 1 1
2 1 2
3 2 3
57 10 57
41 3 41
13 15 13
3 37 3
4 1 4
45 6 45
16 2 16
4 15 4
24 7 24
2 59 2
3 8 3
3 4 3
2 2 2
73 3 73
1 85 1
56 4 56
1 4 1
4 2 4
27 3 27
99 2 99
3 3 3
55 9 55
1 17 1
100 2 100
73 1 73
18 14 18
89 5 89
48 8 48
78 5 78
39 8 39
100 3 100
2 16 2
4 29 4
42 8 42
2 19 2
51 9 51
1 19 1
100 1 100
80 3 80
8 3 8
14 7 14
2 7 2
60 2 60
7 10 7
10 10 10
8 17 8
47 2 47
13 11 13
9 6 9
87 5 87
1 2 1
8 9 8
80 8 80
5 8 5
42 4 42
1 100 1
39 6 39
100 4 100
1 38 1
36 8 36
10 5 10
46 2 46
90 8 90
97 9 97
26 1 26
2 4 2
100 9 100
3 1 3
2 57 2
1 15 1
52 8 52
16 3 16
36 2 36
41 11 41
77 8 77
39 9 39
40 6 40
65 9 65
43 7 43
29 3 29
1 72 1
1 3 1
10 6 10
97 1 97
48 4 48
46 5 46
2 45 2
10 18 10
19 11 19
91 6 91
89 2 89
10 13 10
4 4 4
26 12 26
39 1 39
4 3 4
