50
3
1 2 3
2 3 5
3 5 6
2 3 4
1 2 3
7
57 107 120 127 135 139 160
48 85 99 119 121 130 148
79 141 153 170 174 175 184
66 94 115 130 139 154 175
43 61 63 66 105 115 136
77 106 136 148 160 170 184
37 44 61 85 107 117 141
40 55 63 99 120 124 153
54 64 66 119 127 142 170
22 37 40 54 65 66 77
75 117 124 142 150 154 170
65 83 105 121 135 150 174
31 44 55 64 83 94 106
7
6 10 11 12 15 20 23
3 6 8 10 13 16 19
9 16 17 18 20 23 29
8 13 15 16 17 22 26
1 2 3 6 8 9 11
11 14 17 20 22 23 24
13 15 18 23 26 29 30
2 6 7 9 12 14 15
5 7 9 11 15 17 20
11 19 20 21 22 24 30
8 9 10 12 16 18 21
3 8 9 10 14 17 18
9 12 14 15 17 20 22
5
12 15 19 20 28
13 18 20 26 31
13 19 23 26 31
9 10 16 18 23
16 22 27 31 34
5 7 11 13 14
5 9 12 13 16
7 10 15 19 22
14 23 28 31 34
7
5 8 11 12 15 19 20
11 17 22 28 31 35 39
1 2 3 4 5 9 12
13 19 25 29 34 36 43
3 11 16 18 22 25 26
4 12 20 24 28 29 31
10 16 18 24 26 27 31
9 19 25 27 35 36 38
15 22 26 31 35 38 47
12 20 28 31 39 43 47
5 15 23 26 31 34 35
1 5 9 10 11 13 15
2 8 13 16 17 19 22
2
4 7
6 12
4 6
8
2 5 6 7 8 11 13 15
13 14 15 19 20 22 25 27
8 9 11 13 14 17 18 19
11 13 14 16 18 20 23 25
6 7 9 11 13 15 17 19
1 2 4 6 8 9 11 13
7 8 11 13 14 16 19 20
9 11 12 15 16 18 20 22
6 8 9 11 13 15 16 18
11 13 14 17 19 21 23 25
3 5 6 8 9 11 13 14
9 11 12 15 17 18 21 22
13 15 17 18 19 22 25 27
4 6 7 9 11 12 14 15
1 3 4 6 7 9 11 13
3
6 10 14
7 13 17
4 6 7
6 14 17
5 10 13
4
7 9 11 13
4 5 7 9
5 7 8 10
5 6 8 11
2 4 5 7
2 4 5 6
6 8 10 13
7
4 11 18 25 32 39 46
43 44 45 46 47 48 49
5 12 19 26 33 40 47
3 10 17 24 31 38 45
7 14 21 28 35 42 49
1 8 15 22 29 36 43
6 13 20 27 34 41 48
15 16 17 18 19 20 21
29 30 31 32 33 34 35
36 37 38 39 40 41 42
1 2 3 4 5 6 7
2 9 16 23 30 37 44
8 9 10 11 12 13 14
2
2 22
22 222
2 22
7
18 22 26 27 29 33 37
6 8 11 16 17 22 26
19 26 30 32 33 37 40
14 16 17 24 27 29 33
10 11 12 13 17 22 25
20 23 25 30 31 37 40
16 17 24 25 27 28 31
16 19 22 27 28 33 37
12 16 20 21 24 27 30
7 8 10 12 16 19 23
7 10 12 20 24 26 30
3 6 7 10 14 16 20
3 7 10 12 16 18 19
7
1 2 3 4 5 6 7
3 4 5 6 7 8 9
4 5 6 7 8 9 10
7 8 9 10 11 12 13
3 4 5 6 7 8 9
2 3 4 5 6 7 8
2 3 4 5 6 7 8
1 2 3 4 5 6 7
5 6 7 8 9 10 11
6 7 8 9 10 11 12
7 8 9 10 11 12 13
6 7 8 9 10 11 12
5 6 7 8 9 10 11
7
7 11 15 19 22 25 28
14 19 25 28 32 36 38
11 17 19 21 24 32 36
9 15 16 20 23 28 31
10 11 19 20 21 25 26
2 3 7 9 11 14 17
6 7 15 16 19 20 22
17 19 22 26 31 38 42
12 16 22 23 24 28 31
3 4 11 15 17 18 19
14 18 20 25 28 36 38
15 21 28 31 36 38 42
2 3 6 10 12 14 15
2
6 8
4 8
2 6
5
14 19 20 25 26
10 13 16 18 20
12 13 16 19 20
13 16 18 21 24
17 18 20 24 26
8 9 13 16 19
4 8 12 13 14
4 8 10 13 17
13 16 19 21 25
2
22 222
2 22
22 222
10
22 38 60 77 97 116 126 141 166 181
181 196 216 236 256 271 282 297 318 332
38 53 63 73 74 94 116 129 135 148
40 63 94 104 127 138 150 168 186 216
47 73 96 128 136 149 166 175 209 236
166 170 186 209 229 257 271 285 301 305
24 53 76 86 119 133 142 155 170 196
134 148 174 213 235 241 261 289 305 332
52 74 111 146 154 159 169 189 229 256
60 76 94 96 111 131 142 143 151 174
22 24 40 47 52 62 87 91 111 134
116 133 138 149 159 198 204 214 235 241
141 155 168 175 189 233 254 273 278 289
77 86 104 128 146 166 170 185 210 213
111 135 151 210 223 235 242 278 301 318
87 116 142 170 197 204 228 254 271 282
97 119 127 136 154 183 197 202 223 235
126 142 150 166 169 217 228 234 242 261
62 94 131 166 183 198 217 233 257 271
8
2 4 7 8 11 12 13 15
4 6 8 11 13 14 15 16
15 19 23 26 27 30 35 38
8 13 16 19 20 23 25 27
3 6 9 11 14 15 17 19
4 8 12 14 16 19 21 23
2 3 4 5 8 9 12 13
7 9 12 15 16 18 19 21
11 14 16 19 20 24 25 28
8 11 14 18 19 21 22 25
13 17 21 23 25 29 32 33
5 11 15 18 19 22 23 26
12 15 19 22 25 28 32 35
13 16 21 25 28 30 33 38
12 15 19 22 23 27 28 30
7
2 4 5 6 8 10 12
12 14 16 17 19 21 23
14 15 17 19 21 23 25
12 13 16 17 19 23 25
6 7 10 13 14 17 19
4 5 8 10 11 14 15
10 12 14 16 18 21 23
10 11 13 14 16 18 19
5 6 9 11 13 16 17
8 10 11 13 14 16 17
8 10 11 14 16 19 21
6 8 9 10 11 14 16
2 4 6 8 10 12 14
7
1 2 3 4 5 6 23
6 11 15 18 20 21 33
1 2 3 4 5 6 22
5 10 14 17 19 20 31
22 24 27 28 30 33 34
5 10 14 17 19 20 30
2 7 8 9 10 11 25
2 7 8 9 10 11 24
6 11 15 18 20 21 32
3 8 12 13 14 15 27
4 9 13 16 17 18 28
3 8 12 13 14 15 26
23 25 26 29 31 32 34
2
7 11
4 9
9 11
2
3 5
1 3
1 2
7
10 11 15 17 19 21 23
7 9 11 14 17 19 20
6 8 10 13 15 17 19
5 7 9 10 11 12 13
5 7 9 11 13 15 17
2 4 5 6 7 8 10
6 9 11 13 14 15 16
8 10 13 15 17 18 20
8 11 12 15 18 21 23
10 12 13 16 20 23 24
4 6 7 9 10 11 13
3 6 7 8 9 11 12
12 13 17 19 20 23 24
5
12 15 23 26 30
4 8 12 14 16
12 14 19 23 24
14 16 22 26 30
8 14 19 22 23
8 12 14 15 20
5 12 14 16 18
16 18 23 30 34
4 5 8 12 14
10
6 7 8 9 10 11 12 13 14 15
4 5 6 7 8 9 10 11 12 13
9 10 11 12 13 14 15 16 17 18
5 6 7 8 9 10 11 12 13 14
2 3 4 5 6 7 8 9 10 11
3 4 5 6 7 8 9 10 11 12
10 11 12 13 14 15 16 17 18 19
7 8 9 10 11 12 13 14 15 16
9 10 11 12 13 14 15 16 17 18
10 11 12 13 14 15 16 17 18 19
6 7 8 9 10 11 12 13 14 15
5 6 7 8 9 10 11 12 13 14
4 5 6 7 8 9 10 11 12 13
1 2 3 4 5 6 7 8 9 10
7 8 9 10 11 12 13 14 15 16
8 9 10 11 12 13 14 15 16 17
8 9 10 11 12 13 14 15 16 17
3 4 5 6 7 8 9 10 11 12
1 2 3 4 5 6 7 8 9 10
4
8 9 11 13
3 5 6 11
1 2 3 8
2 4 5 10
3 5 6 12
2 4 5 9
1 2 3 7
3
2 3 4
1 2 3
2 3 4
1 2 3
3 4 5
2
7 10
3 7
3 5
3
1 2 3
1 2 3
2 3 4
3 4 5
3 4 5
6
4 8 13 18 21 22
14 18 21 22 30 31
9 14 19 21 26 29
21 26 30 32 33 37
21 25 26 33 37 44
17 20 24 28 32 37
22 29 31 37 40 44
18 23 25 29 33 40
13 19 21 24 25 26
4 9 14 17 18 21
18 21 22 28 29 33
4
6 8 10 13
3 6 7 10
3 6 8 10
1 3 6 7
7 10 12 15
6 10 13 15
1 3 4 6
8
14 16 20 22 25 28 30 31
4 7 9 12 14 16 18 21
10 12 13 14 16 20 23 25
7 9 11 13 15 18 19 21
7 11 13 14 20 22 26 27
12 16 19 23 26 30 31 34
3 4 5 7 8 10 12 15
15 19 21 25 29 31 32 35
8 12 15 16 22 25 29 31
10 13 18 20 24 28 30 33
17 18 23 26 29 30 31 32
13 14 17 20 22 24 26 29
3 4 7 10 13 14 17 18
5 10 11 13 17 20 23 25
18 21 25 27 31 33 34 35
3
1 2 3
2 3 4
3 4 5
3 4 5
2 3 4
4
3 4 5 6
4 5 6 7
2 3 4 5
2 3 4 5
1 2 3 4
4 5 6 7
3 4 5 6
10
11 12 13 14 15 16 17 18 19 20
61 62 63 64 65 66 67 68 69 70
6 16 26 36 46 56 66 76 86 96
41 42 43 44 45 46 47 48 49 50
4 14 24 34 44 54 64 74 84 94
21 22 23 24 25 26 27 28 29 30
1 2 3 4 5 6 7 8 9 10
91 92 93 94 95 96 97 98 99 100
31 32 33 34 35 36 37 38 39 40
10 20 30 40 50 60 70 80 90 100
7 17 27 37 47 57 67 77 87 97
3 13 23 33 43 53 63 73 83 93
2 12 22 32 42 52 62 72 82 92
1 11 21 31 41 51 61 71 81 91
5 15 25 35 45 55 65 75 85 95
8 18 28 38 48 58 68 78 88 98
51 52 53 54 55 56 57 58 59 60
71 72 73 74 75 76 77 78 79 80
81 82 83 84 85 86 87 88 89 90
2
2 4
6 8
4 8
10
14 17 19 22 24 25 28 30 31 33
9 11 14 15 17 19 21 22 25 27
5 8 9 11 13 15 18 20 22 23
4 6 8 10 12 14 16 17 19 20
4 7 8 9 10 13 14 17 18 20
13 15 17 20 22 24 26 27 28 31
3 5 7 8 10 11 12 15 17 19
5 8 10 11 13 14 15 19 21 22
15 19 20 23 26 27 29 32 33 35
11 12 16 18 19 21 22 23 27 29
11 15 17 19 20 22 23 27 30 32
2 5 6 8 9 11 13 15 17 19
8 11 13 14 16 19 21 24 25 27
12 17 18 21 23 25 27 28 31 33
9 13 14 15 17 21 22 26 28 29
1 3 4 5 7 8 9 11 12 14
1 2 4 5 7 9 11 13 14 15
7 10 12 13 14 16 17 20 23 24
14 19 20 22 24 27 29 31 33 35
9
2 3 5 8 11 14 17 18 21
18 22 25 27 31 33 35 39 42
8 13 14 17 18 23 25 28 32
5 10 12 13 14 18 20 22 27
21 24 27 30 32 33 37 39 42
8 12 13 15 17 18 23 24 27
12 18 20 23 26 29 32 34 37
17 18 20 22 25 26 32 33 35
3 7 10 11 13 15 18 20 22
10 15 17 18 19 25 26 31 33
4 7 10 12 13 16 18 19 24
15 20 21 24 28 32 33 36 39
2 4 5 7 8 10 12 15 18
5 10 12 13 14 17 20 21 25
18 19 22 25 28 31 34 36 39
14 16 18 21 23 25 29 32 33
11 13 14 17 18 19 26 28 31
5
7 10 11 13 14
1 3 5 6 7
6 8 10 12 13
7 9 12 13 14
2 4 7 8 10
4 5 8 10 11
5 7 10 12 13
5 7 8 10 12
1 2 4 5 7
2
2 6
2 4
6 8
7
7 9 12 13 14 18 19
10 13 14 15 18 21 23
15 17 20 21 22 26 30
7 11 13 15 18 20 21
13 17 19 23 25 28 30
6 8 9 11 13 15 17
11 15 17 18 20 23 25
3 4 5 7 10 12 13
5 9 12 14 17 19 20
3 6 7 10 11 12 15
12 15 18 21 23 24 26
12 16 19 20 21 24 28
4 8 9 13 15 16 17
2
2 6
4 8
2 4
4
4 8 13 14
4 7 8 9
3 7 10 11
6 10 13 14
9 11 14 17
2 3 4 6
2 4 6 9
4
66 73 74 117
40 64 67 74
9 17 40 57
17 50 59 73
9 34 41 66
57 72 96 117
34 50 64 72
9
18 22 25 30 37 42 47 48 53
15 16 24 29 32 36 39 44 46
4 9 13 15 18 22 25 27 30
22 24 28 34 40 46 49 50 57
21 23 31 36 42 46 49 51 55
17 21 27 32 37 40 44 45 46
9 12 13 17 21 23 29 33 37
25 27 30 35 44 49 53 54 59
28 33 35 44 48 50 54 63 64
12 17 25 29 30 34 35 39 44
6 12 15 16 22 24 27 30 33
27 30 35 39 45 51 58 63 66
29 37 41 46 53 57 59 66 71
30 33 39 44 46 55 61 64 71
4 6 11 12 17 21 24 28 29
24 29 34 39 47 49 53 58 61
11 13 20 24 25 28 30 35 39
10
7 15 22 28 33 37 40 41 42 58
5 13 20 26 31 32 33 34 35 54
8 16 23 29 34 38 41 43 44 60
8 16 23 29 34 38 41 43 44 61
1 2 3 4 5 6 7 8 9 46
6 14 21 27 32 36 37 38 39 56
1 2 3 4 5 6 7 8 9 47
4 12 19 25 26 27 28 29 30 53
46 49 50 52 55 56 59 61 63 64
5 13 20 26 31 32 33 34 35 55
9 17 24 30 35 39 42 44 45 63
2 10 11 12 13 14 15 16 17 49
3 11 18 19 20 21 22 23 24 51
47 48 51 53 54 57 58 60 62 64
3 11 18 19 20 21 22 23 24 50
7 15 22 28 33 37 40 41 42 59
6 14 21 27 32 36 37 38 39 57
2 10 11 12 13 14 15 16 17 48
4 12 19 25 26 27 28 29 30 52
4
9 10 11 12
3 7 11 15
1 5 9 13
4 8 12 16
5 6 7 8
13 14 15 16
2 6 10 14
10
24 26 30 33 38 39 42 44 47 50
17 21 22 24 27 29 31 38 40 44
22 27 28 31 34 37 39 41 46 50
3 6 8 10 13 16 18 21 23 24
16 18 20 22 25 27 28 36 37 42
10 13 14 16 19 21 22 24 28 31
3 5 6 8 10 13 16 17 20 22
18 21 23 24 25 27 28 31 34 39
13 14 16 18 20 23 25 27 30 34
16 17 20 21 23 24 27 29 33 37
6 8 10 14 16 20 23 26 28 30
8 11 12 16 18 21 24 29 32 33
10 13 15 19 20 23 25 31 35 38
6 7 8 11 13 16 18 21 24 27
5 7 9 13 14 17 21 22 24 26
13 16 18 21 23 24 27 33 36 39
23 24 28 32 35 36 37 40 43 46
8 9 10 12 15 18 20 22 25 28
21 22 26 29 31 33 36 38 39 41
3
10 15 19
4 7 10
7 11 12
9 12 19
6 11 15
