100
2 2
0.50 0.50
4 2
0.00 0.00 1.00 1.00
3 2
0.50 0.75 1.00
16 8
0.96 0.92 0.03 0.92 0.06 0.91 0.94 0.08 0.05 0.10 0.09 0.00 0.08 0.98 0.91 0.94
16 2
0.51 0.51 0.49 0.51 0.49 0.51 0.51 0.49 0.49 0.51 0.49 0.49 0.49 0.49 0.51 0.49
16 8
0.49 0.41 0.39 0.81 0.72 0.56 0.35 0.61 0.63 0.74 0.64 0.58 0.40 0.43 0.49 0.43
16 14
0.62 0.62 0.61 0.05 0.61 0.61 0.69 0.65 0.05 0.02 0.68 0.67 0.60 0.65 0.07 0.65
16 10
0.63 0.15 0.47 0.60 0.20 0.39 0.36 0.41 0.65 0.15 0.38 0.23 0.15 0.18 0.62 0.56
2 2
0.00 1.00
16 8
0.10 0.66 0.09 0.08 0.70 0.10 0.09 0.08 0.01 0.62 0.08 0.05 0.00 0.68 0.02 0.08
4 4
0.01 0.01 0.99 0.98
16 8
0.08 0.27 0.48 0.40 0.07 0.08 0.10 0.08 0.08 0.81 0.87 0.03 0.03 0.67 0.52 0.03
16 8
0.01 0.08 0.95 0.04 0.98 0.06 0.97 0.91 0.00 0.95 0.97 0.08 0.97 0.03 0.07 0.90
16 10
0.50 0.51 0.49 0.51 0.50 0.50 0.50 0.51 0.51 0.50 0.50 0.51 0.50 0.50 0.50 0.51
16 12
0.03 0.64 0.68 0.07 0.61 0.70 0.63 0.67 0.66 0.70 0.69 0.63 0.66 0.09 0.07 0.60
8 6
0.00 0.00 0.00 0.00 1.00 1.00 1.00 1.00
8 4
0.00 1.00 1.00 0.00 0.00 1.00 0.00 1.00
3 2
0.30 0.50 0.80
16 8
0.08 0.60 0.70 0.60 0.07 0.60 0.66 0.61 0.69 0.08 0.64 0.61 0.05 0.70 0.70 0.64
16 6
0.46 0.34 0.46 0.53 0.34 0.48 0.33 0.39 0.49 0.45 0.57 0.57 0.31 0.42 0.46 0.61
16 8
0.00 0.47 0.02 0.00 0.31 0.42 0.00 0.24 0.01 0.26 0.00 0.00 0.01 0.34 0.09 0.09
16 2
0.63 0.68 0.70 0.67 0.62 0.00 0.64 0.08 0.08 0.70 0.02 0.63 0.62 0.67 0.65 0.60
8 4
1.00 1.00 1.00 0.00 1.00 1.00 0.00 1.00
16 10
0.65 0.60 0.62 0.23 0.47 0.20 0.15 0.64 0.15 0.36 0.41 0.18 0.38 0.15 0.39 0.56
8 4
1.00 1.00 1.00 1.00 1.00 1.00 0.00 1.00
8 4
1.00 1.00 1.00 1.00 1.00 1.00 1.00 1.00
8 6
1.00 1.00 1.00 1.00 1.00 1.00 0.00 1.00
4 2
0.02 0.00 0.00 0.00
16 6
0.50 0.49 0.48 0.49 0.50 0.50 0.49 0.48 0.50 0.48 0.48 0.50 0.48 0.48 0.49 0.48
16 14
0.99 0.98 1.00 0.98 0.99 0.98 1.00 1.00 1.00 1.00 0.99 1.00 0.98 0.98 1.00 0.98
16 12
0.69 0.67 0.06 0.09 0.08 0.03 0.05 0.08 0.06 0.09 0.65 0.10 0.00 0.08 0.04 0.61
16 2
0.98 0.99 1.00 0.99 0.98 1.00 1.00 1.00 1.00 1.00 1.00 0.98 0.99 0.98 0.99 0.99
8 2
0.00 0.00 1.00 1.00 1.00 1.00 1.00 0.00
16 14
0.01 0.01 0.01 0.02 0.00 0.02 0.01 0.01 0.01 0.02 0.02 0.02 0.01 0.00 0.02 0.01
2 2
1.00 1.00
16 10
0.64 0.68 0.01 0.63 0.06 0.65 0.68 0.02 0.66 0.03 0.62 0.62 0.70 0.67 0.67 0.69
16 8
0.54 0.98 1.00 1.00 0.74 0.98 0.99 0.54 0.87 0.62 0.56 0.99 1.00 0.98 0.71 0.97
16 8
0.18 0.01 0.67 0.07 0.09 0.52 0.08 0.10 0.53 0.32 0.03 0.67 0.71 0.62 0.04 0.05
16 6
0.98 1.00 0.98 1.00 0.99 0.99 0.98 0.98 0.99 1.00 0.99 0.99 0.98 1.00 1.00 1.00
12 4
0.66 0.62 0.68 0.16 0.16 0.48 0.02 0.72 0.37 0.22 0.37 0.72
16 8
0.73 0.06 0.00 0.04 0.83 0.03 0.12 0.02 0.08 0.76 0.05 0.27 0.75 0.77 0.03 0.80
8 2
1.00 1.00 0.00 1.00 1.00 0.00 0.00 0.00
16 14
0.43 0.41 0.44 0.48 0.60 0.68 0.65 0.37 0.51 0.59 0.44 0.39 0.69 0.39 0.60 0.55
2 2
0.00 0.00
16 8
1.00 0.38 0.98 0.98 0.36 1.00 0.19 0.99 0.35 0.27 0.40 0.11 0.99 0.05 0.98 0.99
16 8
0.46 0.57 0.47 0.56 0.46 0.57 0.52 0.62 0.52 0.57 0.55 0.52 0.64 0.58 0.57 0.55
8 6
1.00 0.00 1.00 0.00 0.00 1.00 1.00 1.00
4 4
0.50 0.50 0.50 0.50
8 6
1.00 1.00 1.00 0.00 1.00 0.00 1.00 1.00
12 8
0.58 0.60 0.27 0.30 0.87 0.62 0.75 0.62 0.11 0.06 0.30 0.82
16 2
0.61 0.59 0.46 0.54 0.18 0.27 0.28 0.32 0.23 0.45 0.10 0.27 0.76 0.97 0.94 0.09
4 2
1.00 0.98 1.00 0.00
16 8
0.81 0.41 0.43 0.43 0.35 0.61 0.49 0.58 0.63 0.64 0.49 0.73 0.72 0.40 0.39 0.56
16 4
0.68 0.09 0.67 0.02 0.64 0.01 0.07 0.00 0.00 0.03 0.03 0.08 0.10 0.68 0.09 0.07
16 8
0.88 0.64 0.58 0.02 0.00 0.02 0.01 0.91 0.74 0.60 0.02 0.53 0.63 0.00 0.00 0.01
16 6
0.49 0.49 0.50 0.50 0.49 0.51 0.50 0.50 0.50 0.51 0.49 0.50 0.51 0.50 0.51 0.50
16 10
0.60 0.99 0.27 0.55 0.15 0.05 0.57 0.37 0.53 0.19 0.80 0.68 0.26 0.95 0.70 0.06
16 6
0.04 0.08 0.63 0.00 0.05 0.09 0.04 0.03 0.65 0.02 0.00 0.67 0.67 0.09 0.07 0.03
3 2
0.40 0.50 0.60
3 2
0.00 0.00 1.00
8 2
1.00 0.00 1.00 1.00 1.00 0.00 1.00 1.00
16 4
0.01 0.64 0.64 0.01 0.10 0.68 0.65 0.66 0.62 0.63 0.70 0.04 0.67 0.64 0.69 0.65
16 10
0.00 0.01 0.02 0.02 0.01 0.00 0.02 0.02 0.01 0.00 0.00 0.00 0.01 0.01 0.00 0.01
16 10
0.99 0.99 1.00 0.98 1.00 0.98 0.99 0.99 1.00 0.98 0.99 1.00 0.99 0.99 1.00 1.00
16 14
0.82 0.74 0.75 0.50 0.51 0.86 0.47 0.23 0.68 0.05 0.49 0.28 0.75 0.24 0.46 0.25
4 4
0.00 1.00 0.00 1.00
3 2
0.50 0.50 0.50
16 8
0.50 0.49 0.50 0.50 0.48 0.50 0.48 0.49 0.49 0.49 0.50 0.49 0.50 0.48 0.48 0.48
16 6
0.60 0.64 0.63 0.61 0.67 0.68 0.05 0.08 0.66 0.70 0.09 0.61 0.70 0.65 0.61 0.01
16 8
0.57 0.57 0.57 0.46 0.52 0.51 0.46 0.52 0.47 0.57 0.62 0.55 0.58 0.64 0.55 0.56
8 6
1.00 1.00 1.00 1.00 1.00 1.00 1.00 1.00
16 8
0.52 0.88 1.00 0.99 1.00 0.98 0.62 0.91 0.60 0.64 1.00 0.72 0.98 0.62 0.98 0.99
3 2
0.04 0.01 0.02
16 10
0.05 0.09 0.06 0.64 0.00 0.60 0.10 0.03 0.05 0.01 0.10 0.04 0.62 0.04 0.05 0.67
3 2
0.80 0.10 0.50
16 6
0.02 0.00 0.02 0.01 0.02 0.02 0.00 0.01 0.00 0.00 0.01 0.00 0.00 0.02 0.01 0.02
16 14
0.08 0.00 0.06 0.04 0.03 0.68 0.06 0.64 0.01 0.03 0.02 0.00 0.61 0.05 0.08 0.68
16 6
0.50 0.48 0.48 0.47 0.49 0.49 0.50 0.50 0.50 0.48 0.49 0.49 0.48 0.48 0.50 0.48
4 2
0.00 0.00 0.02 1.00
16 8
1.00 0.98 0.99 1.00 0.18 0.19 0.98 0.12 0.29 1.00 0.30 0.26 1.00 0.01 0.37 0.99
4 2
0.00 0.00 0.00 0.00
8 2
1.00 1.00 1.00 1.00 1.00 1.00 1.00 1.00
16 8
0.83 0.02 0.76 0.93 0.02 0.01 0.02 0.53 0.76 0.83 0.01 0.02 0.01 0.86 0.00 0.64
16 2
0.67 0.61 0.32 0.35 0.68 0.36 0.34 0.66 0.67 0.31 0.44 0.32 0.70 0.41 0.68 0.43
16 8
0.93 0.98 0.02 0.00 0.00 0.99 0.04 0.01 0.09 0.90 0.92 0.07 0.95 0.91 0.06 0.90
8 2
1.00 1.00 1.00 1.00 1.00 0.00 1.00 1.00
4 2
1.00 1.00 0.00 1.00
16 8
0.48 0.48 0.50 0.48 0.50 0.49 0.49 0.48 0.50 0.50 0.49 0.50 0.50 0.50 0.48 0.49
2 2
0.50 0.00
4 2
0.01 0.98 0.01 0.99
16 2
0.02 0.02 0.00 0.01 0.00 0.00 0.01 0.00 0.01 0.02 0.00 0.00 0.01 0.02 0.01 0.01
2 2
0.05 0.45
4 2
0.00 0.00 1.00 0.00
12 12
0.95 0.83 0.46 0.16 0.50 0.22 1.00 0.87 0.75 0.95 0.67 0.32
16 14
0.51 0.51 0.49 0.50 0.51 0.50 0.51 0.50 0.50 0.49 0.49 0.50 0.51 0.51 0.51 0.49
16 8
0.01 0.02 0.02 0.02 0.00 0.20 0.45 0.11 0.01 0.31 0.33 0.00 0.40 0.42 0.02 0.17
8 4
1.00 1.00 1.00 0.00 1.00 0.00 1.00 0.00
16 10
0.31 0.57 0.44 0.39 0.32 0.48 0.40 0.46 0.66 0.31 0.67 0.47 0.42 0.49 0.52 0.62
16 2
0.06 0.66 0.02 0.08 0.10 0.06 0.68 0.02 0.06 0.03 0.66 0.06 0.66 0.07 0.07 0.01
16 6
0.62 0.22 0.88 0.44 0.96 0.73 0.29 0.94 0.24 0.27 0.36 0.65 0.86 0.80 0.26 0.31
